layout_spectrum: 0.8639595
typography_spectrum: 0.02320157
color:
  saturation: 0.542382
  lightness: 0.1313381
  brandStrength: 0.6260645
  rhythmicContrast: 0.3017424
name: Twins
